0.0133333
86400 0
172800 0
259200 0
345600 0
432000 0
518400 0
604800 0
691200 0
777600 0
864000 0
950400 0
1.0368e+06 0
1.1232e+06 0
1.2096e+06 0
1.296e+06 0
1.3824e+06 0
1.4688e+06 0
1.5552e+06 0
1.6416e+06 0
1.728e+06 0
1.8144e+06 0
1.9008e+06 0
1.9872e+06 0
2.0736e+06 0
2.16e+06 0
2.2464e+06 0
2.3328e+06 0
2.4192e+06 0
2.5056e+06 0
2.592e+06 0
2.6784e+06 0
2.7648e+06 0
2.8512e+06 0
2.9376e+06 0
3.024e+06 0
3.1104e+06 0
3.1968e+06 0
3.2832e+06 0
3.3696e+06 0
3.456e+06 0
3.5424e+06 0
3.6288e+06 0
3.7152e+06 0
3.8016e+06 0
3.888e+06 0
3.9744e+06 0
4.0608e+06 0
4.1472e+06 0
4.2336e+06 0
4.32e+06 0
4.4064e+06 0.000207728
4.4928e+06 0.000195827
4.5792e+06 0.000189548
4.6656e+06 0.000185367
4.752e+06 0.000182269
4.8384e+06 0.000179825
4.9248e+06 0.000177817
5.0112e+06 0.000176118
5.0976e+06 0.00017465
5.184e+06 0.00017336
5.2704e+06 0.000172211
5.3568e+06 0.000171177
5.4432e+06 0.000170238
5.5296e+06 0.000169379
5.616e+06 0.000168588
5.7024e+06 0.000167854
5.7888e+06 0.000167172
5.8752e+06 0.000166534
5.9616e+06 0.000165936
6.048e+06 0.000165373
6.1344e+06 0.00016484
6.2208e+06 0.000164337
6.3072e+06 0.000163858
6.3936e+06 0.000163403
6.48e+06 0.000162969
6.5664e+06 0.000162554
6.6528e+06 0.000162157
6.7392e+06 0.000161776
6.8256e+06 0.000161411
6.912e+06 0.000161059
6.9984e+06 0.000160721
7.0848e+06 0.000160394
7.1712e+06 0.00016008
7.2576e+06 0.000159775
7.344e+06 0.000159481
7.4304e+06 0.000159196
7.5168e+06 0.00015892
7.6032e+06 0.000158653
7.6896e+06 0.000158393
7.776e+06 0.00015814
7.8624e+06 0.000157895
7.9488e+06 0.000157656
8.0352e+06 0.000157424
8.1216e+06 0.000157198
8.208e+06 0.000156977
8.2944e+06 0.000156762
8.3808e+06 0.000156552
8.4672e+06 0.000156347
8.5536e+06 0.000156147
8.64e+06 0.000155952
8.7264e+06 0.00015576
8.8128e+06 0.000155573
8.8992e+06 0.00015539
8.9856e+06 0.000155211
9.072e+06 0.000155036
9.1584e+06 0.000154864
9.2448e+06 0.000154695
9.3312e+06 0.00015453
9.4176e+06 0.000154368
9.504e+06 0.000154209
9.5904e+06 0.000154053
9.6768e+06 0.0001539
9.7632e+06 0.00015375
9.8496e+06 0.000153602
9.936e+06 0.000153457
1.00224e+07 0.000153315
1.01088e+07 0.000153174
1.01952e+07 0.000153036
1.02816e+07 0.000152901
1.0368e+07 0.000152767
1.04544e+07 0.000152636
1.05408e+07 0.000152507
1.06272e+07 0.00015238
1.07136e+07 0.000152254
1.08e+07 0.000152131
1.08864e+07 0.000152009
1.09728e+07 0.00015189
1.10592e+07 0.000151772
1.11456e+07 0.000151655
1.1232e+07 0.000151541
1.13184e+07 0.000151427
1.14048e+07 0.000151316
1.14912e+07 0.000151206
1.15776e+07 0.000151097
1.1664e+07 0.00015099
1.17504e+07 0.000150884
1.18368e+07 0.00015078
1.19232e+07 0.000150677
1.20096e+07 0.000150575
1.2096e+07 0.000150475
1.21824e+07 0.000150376
1.22688e+07 0.000150278
1.23552e+07 0.000150181
1.24416e+07 0.000150085
1.2528e+07 0.000149991
1.26144e+07 0.000149898
1.27008e+07 0.000149805
1.27872e+07 0.000149714
1.28736e+07 0.000149624
1.296e+07 0.000149535
1.30464e+07 0.000149447
1.31328e+07 0.000149359
1.32192e+07 0.000149273
1.33056e+07 0.000149188
1.3392e+07 0.000149103
1.34784e+07 0.00014902
1.35648e+07 0.000148937
1.36512e+07 0.000148855
1.37376e+07 0.000148775
1.3824e+07 0.000148694
1.39104e+07 0.000148615
1.39968e+07 0.000148537
1.40832e+07 0.000148459
1.41696e+07 0.000148382
1.4256e+07 0.000148306
1.43424e+07 0.00014823
1.44288e+07 0.000148156
1.45152e+07 0.000148082
1.46016e+07 0.000148008
1.4688e+07 0.000147936
1.47744e+07 0.000147864
1.48608e+07 0.000147792
1.49472e+07 0.000147722
1.50336e+07 0.000147652
1.512e+07 0.000147582
1.52064e+07 0.000147514
1.52928e+07 0.000147445
1.53792e+07 0.000147378
1.54656e+07 0.000147311
1.5552e+07 0.000147245
1.56384e+07 0.000147179
1.57248e+07 0.000147113
1.58112e+07 0.000147049
1.58976e+07 0.000146985
1.5984e+07 0.000146921
1.60704e+07 0.000146858
1.61568e+07 0.000146795
1.62432e+07 0.000146733
1.63296e+07 0.000146672
1.6416e+07 0.00014661
1.65024e+07 0.00014655
1.65888e+07 0.00014649
1.66752e+07 0.00014643
1.67616e+07 0.000146371
1.6848e+07 0.000146312
1.69344e+07 0.000146254
1.70208e+07 0.000146196
1.71072e+07 0.000146139
1.71936e+07 0.000146082
1.728e+07 0.000146025
1.73664e+07 0.000145969
1.74528e+07 0.000145913
1.75392e+07 0.000145858
1.76256e+07 0.000145803
1.7712e+07 0.000145749
1.77984e+07 0.000145695
1.78848e+07 0.000145641
1.79712e+07 0.000145587
1.80576e+07 0.000145534
1.8144e+07 0.000145482
1.82304e+07 0.00014543
1.83168e+07 0.000145378
1.84032e+07 0.000145326
1.84896e+07 0.000145275
1.8576e+07 0.000145224
1.86624e+07 0.000145174
1.87488e+07 0.000145124
1.88352e+07 0.000145074
1.89216e+07 0.000145024
1.9008e+07 0.000144975
1.90944e+07 0.000144926
1.91808e+07 0.000144878
1.92672e+07 0.00014483
1.93536e+07 0.000144782
1.944e+07 0.000144734
1.95264e+07 0.000144687
1.96128e+07 0.00014464
1.96992e+07 0.000144593
1.97856e+07 0.000144547
1.9872e+07 0.000144501
1.99584e+07 0.000144455
2.00448e+07 0.00014441
2.01312e+07 0.000144364
2.02176e+07 0.000144319
2.0304e+07 0.000144275
2.03904e+07 0.00014423
2.04768e+07 0.000144186
2.05632e+07 0.000144142
2.06496e+07 0.000144098
2.0736e+07 0.000144055
2.08224e+07 0.000144012
2.09088e+07 0.000143969
2.09952e+07 0.000143926
2.10816e+07 0.000143884
2.1168e+07 0.000143842
2.12544e+07 0.0001438
2.13408e+07 0.000143758
2.14272e+07 0.000143717
2.15136e+07 0.000143676
2.16e+07 0.000143635
2.16864e+07 0.000143594
2.17728e+07 0.000143553
2.18592e+07 0.000143513
2.19456e+07 0.000143473
2.2032e+07 0.000143433
2.21184e+07 0.000143393
2.22048e+07 0.000143354
2.22912e+07 0.000143315
2.23776e+07 0.000143276
2.2464e+07 0.000143237
2.25504e+07 0.000143198
2.26368e+07 0.00014316
2.27232e+07 0.000143122
2.28096e+07 0.000143084
2.2896e+07 0.000143046
2.29824e+07 0.000143008
2.30688e+07 0.000142971
2.31552e+07 0.000142934
2.32416e+07 0.000142897
2.3328e+07 0.00014286
2.34144e+07 0.000142823
2.35008e+07 0.000142787
2.35872e+07 0.00014275
2.36736e+07 0.000142714
2.376e+07 0.000142678
2.38464e+07 0.000142643
2.39328e+07 0.000142607
2.40192e+07 0.000142572
2.41056e+07 0.000142537
2.4192e+07 0.000142501
2.42784e+07 0.000142467
2.43648e+07 0.000142432
2.44512e+07 0.000142397
2.45376e+07 0.000142363
2.4624e+07 0.000142329
2.47104e+07 0.000142295
2.47968e+07 0.000142261
2.48832e+07 0.000142227
2.49696e+07 0.000142193
2.5056e+07 0.00014216
2.51424e+07 0.000142127
2.52288e+07 0.000142094
2.53152e+07 0.000142061
2.54016e+07 0.000142028
2.5488e+07 0.000141995
2.55744e+07 0.000141963
2.56608e+07 0.00014193
2.57472e+07 0.000141898
2.58336e+07 0.000141866
2.592e+07 0.000141834
